6634
-5337
-8242
853
-8376
-6898
5681
-1877
1854
-7408
5229
3091
-5556
-7086
-2143
-3490
-5839
-9831
-941
-6208
-9570
-7769
-1028
3636
3893
9896
-2108
-5409
4002
3917
4825
5709
2765
5818
36
-1731
-8858
-7173
2207
-4594
-257
-6648
-3502
-9155
1144
4277
3937
-5578
299
-8627
-5107
6492
-375
9813
5658
-5963
1983
8617
9742
735
8319
2425
2725
7588
-2853
-8608
-1617
7279
2710
7491
1600
5760
-8402
-6585
6486
1460
3806
5794
-4553
4552
2028
-8303
7933
5294
3309
4559
-6227
7710
-1281
-4390
-2796
9859
-6675
-3448
-7244
-2005
-9411
4971
4270
4230
-8107
-1940
5563
6702
-1719
-4909
8083
6197
-2729
-8776
-2600
-9505
9479
3125
-4384
-9478
2082
-3654
-5690
-9869
7286
-3626
8840
8267
-1321
-137
-4704
1649
-6543
-8648
-5974
1584
-2301
3487
-4908
8943
-4249
-2969
2816
-6345
4374
-7723
-441
-9767
-1290
816
746
-9662
-2632
3578
9021
-451
5466
-4093
-3046
-9380
985
4200
6057
-1231
8677
-8001
2430
-5534
-6218
1420
6699
-4765
5125
-3475
8465
4835
6408
-3621
-4716
-7621
-7595
145
4363
-3264
-5742
7528
-2334
-2190
6245
-5279
278
-6901
5855
5428
-7030
3691
-6395
3718
6130
-7278
-1534
3905
-3460
-7154
3437
-1571
14
-1209
5541
1803
-546
6901
2238
8639
6143
-1048
-7306
-6083
-8101
-4155
4613
713
-8522
7126
-8002
-4444
9204
-5035
3637
-7623
-8628
2123
2599
-621
5223
4640
917
5389
9688
-9096
-885
3910
2468
-7657
6758
-8025
5492
-6239
-9893
-8100
-6034
-8096
-1710
-1588
1941
-4842
4538
-1010
3858
-3554
876
-5702
9421
-3577
4582
-8626
-3517
-7956
-3876
-3629
4316
709
-2150
-1292
-7509
-3685
567
-5940
1490
6547
9098
-8923
-7816
9288
9887
8452
5368
-6933
1660
-6757
-9471
5484
-2603
772
4981
9983
-259
6837
-6959
9577
-3148
4694
5311
8191
8200
5903
7739
5223
245
4372
9598
6535
426
-8792
2399
-4081
9913
8264
-5625
9127
1517
3615
-177
667
2495
5612
4436
-6908
-3045
-6729
8813
1212
-5925
8135
-5298
3729
9424
-8868
-2640
-6909
-690
3584
-9061
8267
-8814
7721
2060
2787
118
-6140
-1100
4728
8194
2074
-879
-6300
6078
-1852
5427
8610
-4578
-3526
8713
-984
-6114
1685
5482
-8858
39
-3756
6363
8052
-4966
-7428
4187
359
5267
6647
963
3258
5293
-77
3009
-2899
-4518
-6054
68
-767
106
7654
5911
-99
7717
5005
-5266
-8445
-1348
-1519
4435
4274
1166
-2681
-1735
-8076
4004
-9858
-7434
6117
789
-8215
1321
-4153
7088
-8880
-8701
1128
-3690
8473
-2276
7135
-8509
-8896
-7509
2238
331
-5128
3250
-2477
1909
-9647
34
-9946
-1466
2799
2809
4414
-2562
-4865
8287
-4538
5920
4325
938
4676
4352
8698
4308
-7081
6006
4047
7276
-8859
-7107
-3842
2505
3676
-6914
3435
-6273
9894
6505
-7665
3725
-6928
2006
8428
-3849
2085
-301
-2091
-535
6
-8311
8478
3915
2011
1474
-1512
-5852
707
8323
-7440
-7473
8992
-2153
-903
-6883
-5293
151
-5320
-3064
5644
-1134
-1788
9381
5713
-3201
8931
-4370
678
9489
-7553
2415
-773
3438
2040
4695
6248
3580
178
1117
-3382
-3113
801
-8531
-6661
2105
-4969
-6209
-5723
-6480
-9397
5271
2077
9435
4693
2365
5116
1289
-4807
3828
8542
-9824
-6752
9488
9221
-1969
-8876
9432
-7569
5568
1612
-1834
-9891
970
1828
4020
4099
-1229
-8395
6338
-5473
1095
-8966
4647
-5474
-1120
-6416
-5033
-6880
8213
-983
2272
6310
8570
-908
5054
5371
-7078
-6618
1747
6468
8182
5327
-8345
7473
3941
4725
-4406
3634
7231
9619
7337
-5712
-1715
3924
-7671
-9395
-3551
6653
-3442
-6412
-368
-5263
-405
2511
1303
1774
-4551
-4992
-6726
1137
6277
8916
1300
-2196
-4567
-6380
-3906
9476
-5371
7348
-7400
-8974
8942
-6504
-1917
-9771
-595
786
6684
1085
4714
6522
-3948
-3614
-1400
-4862
-3121
-2006
8992
-8087
-5641
9957
4062
5718
7814
-8798
8992
-2369
-9409
3287
-1766
-7074
-4703
58
-5967
7096
-7537
-7089
-4945
3508
1935
-6313
-1520
-9965
-9707
4792
808
2159
4636
-4141
-5103
920
-638
-5295
-4511
-7171
-5597
-992
-3171
8690
-6731
7486
-2863
-6234
-2631
3394
2765
-5669
-7828
-9538
2232
-1011
6990
5244
-5724
743
-1018
1653
-7245
-8351
-3729
-9183
2236
-9450
-9369
-9020
6760
2214
3305
-5435
9262
2529
1370
-2307
-3933
1125
-7827
-9177
-5019
-4724
9172
3353
3478
141
6030
-6218
5541
8836
1089
-9257
-9132
-6355
5605
8676
6538
773
5547
1338
-3416
4261
-7874
-8457
-9925
-7873
-1692
-3654
7449
2983
7270
-4900
7001
-9083
-3946
-460
-8929
3386
5783
-7392
9539
-5761
5992
-7835
4539
-577
6755
485
-4296
7757
-4175
-9480
-3875
-7564
8936
-9966
9690
-7814
3912
7322
9054
-8490
2623
-2105
-8461
-9279
8516
9145
8861
-6034
-2096
7313
9125
-739
6027
-4954
6879
9801
4577
6659
-648
-7263
-6343
61
-8744
1404
7004
2119
7006
-4839
-2492
-1625
1930
7221
-7041
7725
6935
-4744
-2357
-7068
8270
8143
5932
-9826
-1552
-7604
2331
-7649
-3349
-7894
6433
2751
-6921
-6714
5654
-7085
495
-3479
-1941
4136
3656
6656
-8689
3350
-1290
1226
8421
7700
2916
5917
6671
-5094
-9119
3770
-4215
-1440
8804
-4287
-2704
-6731
6810
6403
8315
972
8380
1388
-8652
-8731
-7345
-3349
-6308
-9445
9847
-2377
-1509
-6357
1810
5703
5723
1847
7476
3639
-3633
-8389
-6580
-9994
-6977
-93
7088
-5053
9033
2068
-5639
7037
1279
3926
-6432
-708
1553
-4246
1756
925
1889
-4086
-8712
-104
9981
3320
691
2716
-4983
5654
9652
5441
6125
8311
-2417
-5775
9707
-3515
6499
7952
1076
5078
-2245
-4355
5590
3442
-4440
-4012
273
2370
-5408
-8436
4074
-9240
4869
-8256
178
-7275
-185
4013
3761
-9078
7858
420
4253
4645
-1081
-4928
-2095
1178
7930
-6782
-2482
-3661
-3865
-6319
-8242
2859
195
-2570
-5557
2520
6582
6270
-5400
2629
-4411
-349
4030
-5240
1728
-1194
4349
3853
-2744
6417
-7528
-3036
2358
-70
-9157
8663
1531
5677
7686
-1044
-6643
-999
-5485
-3660
9047
-348
1178
6841
1520
9112
4571
2086
8229
-9896
-2841
-9349
3440
-5074
331
3734
-3725
7584
-5221
5619
-6932
-3697
-2347
8715
519
2012
-9618
6918
-7328
355
-2353
-2538
7650
-7680
9084
-1626
-9123
9327
8651
-2148
566
3414
3480
-4014
-1750
6513
-6364
-7151
6078
-8011
7586
7916
9078
9690
4355
-4699
8399
2993
3994
7326
-1238
-9273
9006
2798
1382
4270
-6754
-1507
9274
-5760
9964
-2102
-8292
4391
7715
-2345
9529
7877
7829
-7752
-7472
-7919
9376
9350
6023
-2630
-1799
5259
5816
2676
6665
8085
8930
-163
-4423
-5778
5645
-9492
-4864
9041
-7903
9976
9836
-1964
-9299
4046
-238
-5991
3043
9866
-8918
3046
6259
-3879
-3502
-9191
-3882
5829
-917
249
-1493
3974
5972
-1955
3573
-5327
-6087
9237
9742
-4083
2302
-6645
4650
-303
-6800
-3359
-9730
-2097
1459
-3815
4865
9776
4542
-1221
2995
-1653
-658
3542
-8772
-940
-5840
482
-5636
-8699
-7043
-5110
-8750
-7331
6371
3815
-2886
-6388
698
3421
4704
722
9536
-3297
-9443
-1712
1277
3861
3229
7746
24
-1469
-3413
-1208
-1665
-2763
7414
-5636
-4521
7388
-9371
-1534
-852
-9737
-8518
-1165
-6984
-365
4828
-1031
-6369
-3534
-17
-7826
1063
-3250
-7284
-6009
7593
8315
6095
8510
-3486
-4684
-953
-1025
9773
-476
-7583
-2288
-1203
-3983
2786
9251
-7227
9782
4837
2139
1671
-1094
1879
-6035
6606
-666
-94
-7243
1242
-2066
2163
-2278
3507
-6616
9197
1454
-2776
-7655
8354
7645
-4407
9344
6500
4844
6050
2665
-795
9261
5484
1709
8679
-6735
227
-6835
-4966
6128
-6989
-2745
-4701
2516
-2855
214
-7846
3921
2623
-4087
3233
-557
7635
-3320
8251
9024
5825
6563
-9170
9059
-8999
7856
-3136
-99
4186
-4412
-5574
2465
-4941
-3885
7686
9271
-3503
-9278
-1870
-9809
5506
7268
2029
-3696
-9916
-662
-2530
811
-1038
8596
-4918
-4007
-1573
-33
1529
1190
6164
-4537
-6370
1739
9477
-1926
-6431
288
6904
-2882
9295
2107
7700
-5713
7282
-7080
-3128
-7465
7092
-110
9073
-8042
-1321
-9304
-3482
5926
-3548
-1107
-9997
-5043
-2868
-6087
8396
-8102
-9706
-1633
-9399
8733
-8595
7402
7076
8119
-9498
3367
4046
-2267
-7981
-1628
6392
-5342
-901
1114
2574
2576
-8427
-6176
-2935
-3011
9812
-8368
-8322
582
2235
8269
-4697
-6829
3747
462
9487
-3724
-5713
-2613
-1592
7538
-2701
3354
9901
9621
9524
5709
-4160
5631
5643
-2339
3532
4699
9830
-9241
-2641
-9419
-4448
-4224
7921
2755
7610
-856
-5241
3723
-2654
-384
6689
-681
-5364
8842
-1854
-4287
6830
-1190
-2378
291
-7195
4590
7619
-663
2604
2680
5083
-8255
-7856
-6009
1541
3485
563
-8265
683
2590
1278
4895
7627
623
-1621
-8266
6552
-2157
3576
-464
-5833
-3136
8448
-2288
7500
-6513
3641
8398
-2453
7093
9911
-3012
-1480
1147
9515
3998
3516
3298
-1150
-851
2316
5062
7810
6256
3048
695
5264
-5209
-9088
-8568
9255
-1146
2363
1419
9584
-3064
-2272
-5895
1273
2870
-6661
-7309
-8790
7288
2627
1298
9760
-50
7759
-909
-4363
4053
2361
-3493
-1523
-967
9225
-1722
-5667
3626
1031
3850
-2691
7631
4051
7435
-5814
-6165
-5689
-958
-3415
6480
490
7676
-9958
-6371
-7823
-3601
1023
-3108
9309
-9361
-4728
-4936
-6184
2330
-3322
-4245
-3930
-573
-5517
-5986
-6920
-8166
-8885
6370
-5838
9746
-6761
7824
764
3987
-4432
3018
-3897
3060
-3889
8084
6405
-7110
-1456
-5272
8508
3087
-3059
3062
4678
7295
2747
6260
6727
-6024
9758
-8967
-3529
1363
7737
-9751
3396
8145
9711
-6970
-19
8935
9665
-6173
-474
7167
-267
3031
-3752
-3218
-2116
-4476
2278
1878
-1382
-5386
627
-4599
-591
2260
-7426
562
-4611
-2135
-8019
2922
-5619
2221
8129
-3509
5463
-1912
-4372
8443
-7885
-2218
9255
-4501
-8725
-5090
-487
5818
8050
-8991
3854
-1863
5468
-5878
2793
6231
1699
1203
-1626
6626
3072
-228
-1096
-7528
9591
4292
9253
-9806
-887
-5207
-2424
-1874
-4495
-1827
-8877
9849
2075
-1650
5717
8502
6498
8285
9461
-7102
-6541
-7514
7489
4500
8423
2236
36
4083
3891
5681
9267
-4300
-6777
-6951
-8925
-2708
-6349
-2221
5777
-2821
-4087
8576
9603
-6568
9618
-9724
9356
-6857
8883
9258
-4821
1518
-9738
3096
-3238
447
1249
3048
1236
7794
6340
-7777
-7949
-8201
-9835
-8985
-2135
1809
-4906
7231
-9206
499
-4699
-7159
2050
580
-8019
-2207
-3382
-4115
5349
486
-7307
-2465
-8718
-159
-4241
-7202
-6021
-10
3394
-3290
2867
-9962
4205
1059
3675
2714
-3536
4168
-3735
4031
-921
-4173
-4401
9545
9808
3703
-7022
-9418
8007
-9274
413
3295
-1515
-1436
-1964
5243
-5552
-5510
7453
6419
-9193
-3668
-7130
8546
2669
6427
-3508
9283
5137
-1683
5554
-1826
-7586
3263
5305
4787
4272
8696
4894
-5877
-5413
5924
4286
3963
1965
-3480
2227
-8673
-8511
-9612
7293
-442
-4516
-4559
-8516
1648
3808
6371
-3670
3187
4007
-2338
1767
-5238
-2992
-7904
5029
852
-9090
-5587
934
9158
7134
-763
-8481
6685
-4850
1872
4968
-9583
-7487
7204
-416
2209
-9812
-7712
-8906
-4925
7866
49
-1610
5195
-9323
1911
-2906
3940
7177
-6996
5160
524
-8131
-2078
4787
8158
9494
-634
9181
4872
7362
3680
7325
8471
-3607
-3086
8125
3277
2077
5041
4728
-5825
5151
-5595
-2692
1989
5858
7614
6662
-8080
-9430
2738
5802
-4091
-327
4077
761
4278
-1694
-9594
-3345
7348
6365
-8012
8943
3141
7114
-9218
-7163
-9350
6422
1221
-5752
-6954
4696
5506
-2827
-8464
-9125
-1279
4104
4656
7523
6633
965
3861
-737
992
2171
-9270
-3603
237
-8220
-9583
-5923
2644
-3418
-1287
-8960
4855
-1414
3547
-9151
1332
1928
-8348
-5844
6849
-4149
2705
-3209
6207
2346
-5838
-9676
-9366
-1674
-2419
5776
-271
442
-4516
8220
6324
2861
-8156
-658
-1549
9524
246
-6697
6156
3717
-6363
-6232
-7696
1464
2000
-232
-9828
-2821
-8287
6115
-5489
3969
2789
863
7097
3548
5719
-6393
-7209
-330
4164
-1464
6831
7668
-9517
4055
-8995
-9362
-742
6628
2277
8538
-3329
7239
4973
-7108
-2002
3169
-5482
-2935
316
6014
-9095
9910
2855
-7218
6142
5262
2063
6462
-3826
-3188
305
-7088
3414
9514
5369
806
-7833
-5502
1133
9177
-9691
-8163
2245
8988
1920
7231
2989
-4985
-5495
7109
5735
-9296
5973
-2065
9567
7626
8099
5523
1833
3901
-1969
9060
8051
6776
-2010
8147
2715
888
-1178
7403
-5131
-6397
3444
-4839
3309
7098
-1050
-430
2073
-9410
-7917
9981
6322
-5388
-3149
-2644
-8502
-7431
5840
-8674
6
-8536
8515
3383
2121
4152
6830
773
-1916
-5606
-4688
-2959
1598
-4341
-5741
-8344
6909
-3220
739
8345
-159
4450
-6822
-9100
-4257
2847
-4685
8436
-4947
-8454
-3679
8985
-2156
134
3414
-3379
5530
6834
7616
5559
-9885
-5098
-8969
147
9967
-9683
-7217
3195
-5345
-5505
-5646
-5258
-3846
766
-1608
7407
5839
7679
5031
-937
-1978
8426
-6757
5469
-5013
-9806
598
-4868
-2988
6421
-5547
-707
-1589
-4205
9261
210
-6164
4980
5731
-2743
-3982
-4695
-8696
9133
-8733
-8625
9582
-2050
8309
-7704
4446
-3988
-5261
5973
3508
-321
2118
7194
6765
1606
1932
3559
-6867
3590
6653
641
-6418
861
-507
-1770
-7055
-413
-5657
7250
-5624
-6166
-5181
7530
1537
-5543
8992
7831
-5307
5001
2637
-5869
4527
-9053
4717
-3560
4300
-4719
6591
4623
-3645
2515
-1820
-8442
-4027
2242
-6307
2209
-4848
8869
-7218
-4058
-3420
-9703
-1751
9332
6563
-4055
6908
5977
-2186
-7595
-7590
9936
6823
-1989
1220
-7736
-6684
-9738
-149
1610
-9411
-3
-2008
8938
8293
7464
1280
-2061
-9877
-2498
1558
4372
7718
-4686
-9953
141
6878
-7904
6143
9521
7881
-7959
9958
-8426
1352
-5659
-8617
7956
5460
-226
-9328
1513
538
-9838
2172
-4640
9922
1564
-2760
6567
5620
-6904
5828
-6265
-9018
1647
-1438
-719
9193
7931
-6806
-2136
5446
-8341
1860
2677
7315
5718
-2680
5208
4477
2097
-1091
6247
3239
-5607
-536
-6374
4560
2221
-3114
7506
2452
8106
2144
-316
9191
4940
-6734
-3523
3718
625
-2700
3093
-7813
9953
4729
-3069
-5846
-6495
-8695
-6498
747
-2183
-8438
-9057
-7173
-9648
-2081
-5436
-4127
-3299
-6973
-2868
4097
5936
1565
8443
-9232
-6565
-5376
-6561
4497
7265
-5930
9982
-4085
-7423
-2572
7420
3248
-8584
6343
-9394
5032
-7061
6208
5871
3267
2423
6690
-9435
5788
5642
2390
9402
-3200
8782
1608
-4579
9954
8384
-5466
9239
2245
-1202
4095
3238
701
7761
9132
7811
-5541
-9709
899
3523
-3351
4259
-7193
-7209
9974
-9822
5998
5453
-899
5144
-7237
6024
2490
-1558
6369
6496
3701
-5745
326
-4924
-55
-1918
5469
-4507
-4576
7264
567
2798
8748
6528
-3442
9653
-2741
-4793
-3672
-789
-795
-780
-8600
-164
-9092
3154
3598
5661
-3757
9163
-1730
-5400
4789
-2173
-7327
9539
-4958
-3149
-5618
-1587
8869
551
-856
9005
2041
-5519
8729
-6984
1140
-6933
7891
-9605
-4107
-258
-8132
7084
7592
2432
5616
9303
398
-4776
4556
-9854
-9267
-1290
-1478
-2456
8451
-2312
8482
-9912
-411
8320
-867
6175
-8034
464
-3590
-6000
-2344
-2505
-6238
-5449
-4382
-6427
-7791
-7650
-334
-4704
5343
-2369
2339
-1514
-4990
4875
3862
-3236
8791
-7245
2997
8321
3189
-6319
-6336
5248
-2866
3449
-2247
1725
-3692
-411
2476
-3000
-2851
9161
-7041
2754
-8515
4291
7274
-1672
-473
-9284
-4157
-9151
-435
-1734
7749
8198
4686
8508
-1356
-2163
1740
-9589
-3338
-8850
6955
-5654
-4255
4953
-6699
2081
3474
2731
-6798
4350
8196
4535
-7068
3352
-8865
-3288
323
-6999
3842
-2439
-9367
4988
7560
-4642
8477
4379
-3378
-1396
7254
2949
3033
2020
79
2540
-1403
2366
-1563
8699
-7088
5932
6522
-6703
-5957
-4812
4598
-2440
7649
-7789
-5618
-5325
9098
2592
388
-3373
-7442
7284
5780
-9013
3537
3176
-4177
3075
-6683
-5093
-2800
541
7747
4532
-9949
2155
-8066
3221
6148
4940
2168
-3765
5280
-1963
7378
-4367
6747
-5420
-8212
1134
2526
6869
-575
-9188
-9481
4233
-6166
-4756
1963
5871
9584
6334
6092
6587
2955
4081
8493
-2360
-2431
-6293
-5681
9696
6123
3369
8993
-5676
-6888
5109
-3590
1698
-4346
-1066
2569
444
-1785
7711
6764
-7835
-9850
-6959
3754
3938
4977
8350
363
-9618
-5782
3901
1151
5535
-5454
230
-370
-8213
-2247
5128
4163
-1238
-908
-4507
417
4164
-9024
-9373
-2815
1981
-5234
6976
-905
5954
6392
-7655
-5967
-6716
1412
7602
-7125
-6085
9148
-5554
6497
8969
4488
-2329
-393
2131
7767
1494
-7424
7317
1078
8841
9387
8590
4518
7627
9519
6572
4803
-1917
-3221
9853
5386
-4684
-6640
-4805
-4269
-7221
2204
-4503
-6099
-9128
2411
-9434
6587
8842
2371
8039
-8834
3979
4112
-4153
1227
-3547
9827
7997
9222
8096
-9023
5723
9987
-3788
8247
2725
3562
-1082
9300
-9230
-1343
-162
-8218
-6387
8397
-1143
-7132
-2685
-8108
-1862
-1582
9221
-3160
2634
-7840
1852
5642
8143
3494
1492
-2311
-2569
8433
-2539
-9832
9697
-6191
2821
-7333
-2104
-2212
-8936
-6955
9104
6483
-1959
-9558
1639
-39
7791
-9784
-2908
-1978
-1267
6338
9967
-3955
-1654
4978
-8274
9617
-2079
1093
9377
-3288
563
4939
7974
-4159
9921
-5582
7000
-7559
-3926
-7371
-5640
759
-4659
5726
-9001
-854
-7353
1177
-3966
-2457
4891
-9792
4617
-38
4886
457
-6047
-820
8729
-6505
9516
-9779
-3999
-2230
-9175
4542
8584
-7481
3807
6739
4752
5764
-4415
2088
-5102
10000
-4615
-6077
-9273
-4037
4707
-2064
7883
-9670
7920
-9862
-8615
-2045
-6393
3081
-1358
-4213
2104
-6011
-751
-742
7536
1374
3726
-5348
-5322
-487
-5772
7509
-7990
-364
-5999
-7304
-1593
144
3191
3819
1357
-8496
-7047
9888
4883
149
-9068
509
-6355
-4214
-7538
-3205
-4174
-4903
-3854
-9632
-920
-738
1439
-9534
-4495
7147
-4659
9668
1555
3116
9963
-7882
2180
4165
-7250
5126
-264
-2525
-982
3432
-1240
2128
3196
555
2370
6199
3778
3192
5086
-3869
-2779
7122
-7643
-3149
8609
1423
-9180
5407
7967
-892
2811
2807
5834
-3576
2218
874
-9917
4315
9714
8405
5506
-6168
9101
-4184
7540
-6442
-683
-7657
9021
8157
6341
5531
2308
-4923
5882
-3758
-3262
-5862
5443
-9833
-6477
-6419
9456
3064
-2137
2472
7713
8997
4448
6350
-2655
-9032
8106
7553
921
6553
-8842
146
2350
-657
568
-2397
-5871
3478
3699
6442
-4765
6688
2442
478
-4695
2653
8079
4211
9921
4796
2899
5927
2424
-9440
8658
-7342
-1254
-3248
-9956
-8499
3948
-8844
3412
-2258
1596
53
9228
-502
-5299
8856
-1462
6390
-4533
-5540
4428
6928
-964
-4803
-7561
-5438
-3648
-8317
3044
1445
-5240
-3550
-6595
7649
7027
-5529
617
5403
8890
-3265
9138
-6986
-999
-1064
-4831
5236
-2299
-6212
-7932
1704
-811
2371
8061
-7030
-3032
-6908
9165
1166
-2113
6447
4507
-6445
-6036
-727
-4908
-5247
-9652
2323
3057
-5969
-5236
-8497
-5578
-1711
4463
9913
5527
4107
1983
150
1859
-1507
5664
-9083
6273
9693
5797
-9087
9527
-5567
-3965
2304
2636
-5727
3964
1991
-5418
-2875
-5507
-8156
-1009
-3204
3885
8251
-7181
-6417
6981
-8518
-8599
1496
-4539
5289
-505
6934
9244
-1657
-2510
6635
-8128
-2522
-2628
-9569
4504
-3251
-2558
-6451
-4841
9212
-6313
3044
-1186
6837
3694
3634
-9997
358
8562
-5709
6030
2246
4871
1622
9310
-9133
-3893
-8773
5250
8416
9442
3485
5315
-8188
-4272
-5860
1945
-4765
5857
-208
-5871
6729
8944
-7625
7874
-5210
-1564
-82
-7959
-6791
2032
-7974
-1386
-2627
-4821
6162
-813
162
1665
-5304
-4565
1394
3299
1599
-675
-360
6142
-2152
5384
-7261
-8049
-6232
-6244
6885
8753
-5636
7682
-6250
-8418
-3489
8717
-4892
3563
5072
3479
-3899
-1042
-1157
4543
4918
-7744
5815
2608
5577
5857
3923
9186
-4891
4796
8605
5098
5221
-7488
3743
5740
-1159
-3085
-2442
7834
5761
8315
6635
-7287
179
-4091
3967
-7244
-9254
959
-2347
5536
1964
-6008
312
4142
-1610
3060
-5700
-6303
4671
4262
4566
-4987
2010
8886
4514
4278
-7996
-1047
-9638
8171
8673
1429
-2113
-3576
7435
-4765
-6981
4003
7472
-6397
-85
2533
-4533
1051
-108
-3987
-7747
-4238
-4214
-8902
962
1997
3787
-1585
-4782
6854
-9982
2015
-1038
-2535
7918
-7767
-2782
-3252
9337
-2910
3332
-7704
-8138
-3917
7121
-5964
8286
4050
-8681
2908
9285
4461
-2466
-9209
-6377
-2615
325
7515
5047
-4684
5749
-2620
-8699
-127
7262
8756
3201
1986
9319
-8967
1401
-1653
-1387
4762
-3081
-6544
9924
-5661
8491
-3444
-3200
9994
3798
7420
-5345
-8738
-4842
5721
5977
3053
6052
-8271
-3281
1787
7854
8504
5658
-6367
2904
9072
1675
44
5398
-8233
-5373
8362
4471
-8427
-835
4258
-1005
4453
4641
-6635
-9611
7549
795
5131
-3548
8276
6838
7624
-4385
-5084
6243
9091
6898
3787
-2807
-2689
-6619
-5667
4623
-4481
4355
-4151
-7241
-2580
-4418
2828
2998
-974
5363
8028
-3287
8705
4700
-7678
6653
-3844
4189
8959
-3417
-8435
-3930
-326
655
6806
9854
-1228
-7340
5069
5010
8840
5495
489
-1830
5773
8104
246
-3614
-9596
-5938
-3565
6217
-98
-9735
1534
7241
-4554
-3260
-7915
-3771
-9658
273
-8327
-8173
8904
-8216
3022
-6333
-3970
-8310
8271
5391
5898
-3891
-2645
-2519
8014
7229
-7941
-1589
-7666
-5060
9754
2095
-3688
3990
-7309
6395
5416
242
9604
9059
-4166
2477
-7900
-2092
-1861
-831
-1154
6194
4634
-5352
-7794
-4811
-5559
4718
-7865
4778
-2068
-7548
4832
9651
6329
5028
-9804
-9362
-8096
4132
921
-4865
1262
5937
5181
-7563
2004
-4213
-308
2483
3401
3374
2803
9377
-6328
8569
2649
-1964
-6328
8985
-5880
9664
-4640
-5946
6527
3579
-2583
-197
-8005
-3931
-8475
4819
-5863
-8042
7980
-1753
-1723
-5765
5090
-5007
5166
5082
9968
-2071
6806
2872
-5776
-1755
-5395
4113
2608
8402
9115
-3563
-7819
1542
-7429
-3129
-7808
7036
9477
3894
7981
-2292
701
-2182
7097
7377
-5087
4026
-9143
-2964
9820
-2566
-8629
3172
-2794
-596
-3900
-3369
-9866
1208
-5410
-5451
3398
-5144
1689
-5807
-4550
-3532
4698
3186
-473
-7595
-6656
-6416
-5603
1697
-1441
-8411
-5570
-2638
1538
-1358
8117
9486
-3160
2396
-1320
-7898
-8768
-5366
6766
3109
1950
1150
-9020
3347
-1721
-4620
4603
1232
-9461
-2739
5511
2752
1489
8342
-836
-487
-8580
8232
7398
-151
-8655
-2409
8298
-4103
-378
-9843
-360
2321
-9720
9341
8004
-1328
1225
6065
-7784
5400
-4091
8878
-2089
8995
-3156
-9459
3176
8909
-169
-1617
3761
-9807
9948
88
1161
-181
-8230
7401
-3389
68
254
-6387
-5372
-4703
-6830
-2612
7899
-6162
5792
-3248
-7636
3434
-5270
-6674
-8446
6332
3229
-2831
-180
-4322
-6432
-5032
-1138
-9154
5129
3435
78
-6768
-5884
-3009
6721
-4372
-6091
-745
9731
-7654
1139
9623
3088
5630
2298
2147
176
5197
3185
-5729
5229
-4605
-3429
-2436
-7365
-7253
-3862
4355
-3592
3647
-6944
91
-5340
446
2127
-6861
-179
-858
1271
1397
-6474
6747
-8127
2174
-9094
-7024
4971
9430
-2170
-8999
-4614
-1656
-3039
-9604
-3292
1637
4344
-3082
-7443
7903
-587
7217
5413
-8137
-1948
-3658
3514
-461
-8108
-3576
8399
1240
-6683
-2558
-9029
2814
-6474
-4296
2573
-4824
-5133
-9390
-9461
4370
5409
1115
6198
2602
3580
979
-8823
-193
-6216
9495
2474
4133
516
8433
-6875
9661
1209
-2700
-5551
1172
-4134
-2911
-3092
-3017
373
9459
-3835
6741
8605
-7351
-7562
-322
973
-3634
-735
2595
3478
-1762
5674
1466
-5628
9833
-6211
2025
-2820
8735
-7423
3961
-5995
5379
-3376
2842
1371
7062
533
-6388
-7699
9904
6501
-5277
6288
-7415
-4958
2887
-8698
-3342
3078
-6415
7059
-2946
9138
1117
2953
4198
3124
9637
-5789
-6021
2003
-2493
8662
-3561
-3410
-9196
553
-4478
5545
4341
-9044
4438
-7179
-1510
8332
3110
4504
5217
799
-659
-2596
6676
8346
9561
-321
4496
5102
-9419
2719
2845
-7860
5159
1517
-2463
5003
6104
-6152
-270
-8965
728
-5308
-1289
-1541
1910
-1153
5243
9028
-4783
6025
-2205
-8275
9134
-9506
6919
4781
1565
-3054
-5457
3910
-6247
3636
-1176
-7307
9134
2766
5537
6741
-78
-9483
1686
526
-2540
4756
5329
-3648
-8400
-3024
-9150
4235
5497
-5818
-2706
7444
-2870
6434
-7465
8101
9143
8684
3409
1685
-4743
1199
-5408
-7514
4439
-3610
-2363
-2529
2927
-8702
4460
9960
7606
-5236
-5388
-8348
2063
-5493
8948
-1707
4231
5631
7663
-6161
-4746
9222
-4605
7201
8812
-4434
-1492
8813
7041
-8930
7135
-2295
-112
5959
8166
-5024
-6086
284
7265
-7740
-2158
478
2441
-9194
6646
-5355
-6023
1372
-8669
1056
5897
8390
-9113
2357
621
1004
-7955
-542
-5223
-4048
-4049
8241
-1301
-887
-7594
6002
8503
-8492
-7050
-8168
8922
-5197
-195
-489
884
2085
-1116
-1521
-8390
5973
-483
-9447
5793
2167
-5987
-1948
-559
-5801
5188
7403
-4353
7407
8815
1213
-3445
6659
4479
3880
8254
-257
-8243
3847
-6018
1618
2736
7184
-9327
-1676
3434
890
-9245
-7069
-8707
-7177
-3858
-1106
-3083
-9926
8596
7773
6716
-8469
-2305
-3075
-5701
2530
4890
-5632
9500
-1254
-2444
-2399
311
-3898
-3793
-9443
-9168
8676
363
5942
2246
7820
-9921
7586
3277
-1555
-9957
4166
679
3159
-4024
-1700
9761
9690
2129
6715
-5074
836
3425
1098
-8213
38
8625
-3419
6429
-8626
4603
-5488
-3369
3378
-6208
-5320
-8444
1386
5681
-8492
1555
5902
6367
3464
6943
-2437
335
6560
-4853
7331
-1992
240
-9886
207
-5391
-9239
-8481
9735
5583
1700
800
9351
7511
783
-3986
-7651
-433
-2553
7378
-8477
-3303
-2837
-3204
8768
-9037
62
-2348
9264
-4703
4703
7671
395
-5744
8840
-613
-4830
-9771
-2346
-1278
2799
1959
9083
-3912
-207
6366
6545
-3308
442
8192
5012
6304
-8252
-9944
-7714
-2748
9678
8494
9790
9593
-6096
-9772
128
-9221
8708
-4372
-7373
6211
-5756
-8936
6838
-3062
7921
-9957
-1530
3450
5834
-1670
4201
-9928
-3711
9321
-9698
2916
9814
-6708
7467
2061
-9218
3748
5803
1869
-1814
-8563
3442
9715
-4897
-3715
-6992
-1998
9378
3969
4432
-538
-5337
-8922
135
-2567
-7038
9045
-3140
6113
746
-1588
-7651
7286
2023
-8688
9721
-8548
3697
8469
3781
-5321
1844
-9321
2896
2055
-8093
-6994
-8421
-3399
8190
2335
-6050
4996
2447
-2636
-7056
2539
4765
8238
-4044
-4031
-2115
7420
5110
-3026
-8953
-8881
137
830
3751
3733
5743
4678
-3515
-1654
-9566
2733
-8388
6136
7713
1910
-2252
-5600
6065
-4591
6130
7193
-3786
-1553
8408
1843
7248
-115
-5240
4062
-1639
-2228
4398
-7678
1193
8943
-6224
-1489
7093
-3406
-9663
-7319
-1544
6318
7677
4225
5240
-8339
3838
8675
-4314
5249
359
-2270
-690
-3326
3697
1609
3948
9439
5050
3290
3049
28
-8431
4556
4320
-1564
1742
7890
8329
-4108
-2739
-3973
3689
-2814
2348
2928
6929
1630
-993
-8375
2860
6795
1267
4963
4466
-8067
972
-1324
-5927
-8458
9613
5808
3710
-9777
9519
9415
-1003
-4587
1697
-8598
-6064
3539
-3633
9878
-6615
542
6389
2281
-974
-7777
-859
-1720
-7999
6441
-1280
4476
-5065
849
3442
5210
-4571
-7281
2544
1987
8316
9054
211
567
6848
-5525
1375
-6738
5634
6670
-3434
9882
-8934
-4608
-9465
-6825
-5884
-9800
-337
8292
6502
-3065
-2390
-4121
1774
-6057
547
-9938
1872
1770
4352
2477
-6624
-4731
-4951
-3226
7900
240
-6365
-8105
5782
7790
-340
-2452
-4976
1069
4373
-305
-2955
-6735
-7356
6322
-7920
857
5554
-1503
4848
3760
2631
8436
9233
-4955
-1599
7371
-504
684
6793
3011
9384
-3238
6197
-7436
7410
-7249
550
-225
764
-7629
-4507
-6895
8529
-7349
-7959
-9492
-3150
-4560
6105
2683
-9971
-8687
4363
2770
-3731
-2854
-6327
-9140
886
-6785
3588
3990
-4097
3509
-7329
5026
-9947
-7812
-4446
8233
2776
-6233
2200
7680
3519
4634
-2720
2668
944
-9497
-1333
1181
742
-6383
-2459
-604
-1576
-5786
-4557
-1054
-4618
7188
7680
-6458
1315
8516
-1146
-4253
564
-7285
6837
-5047
-4690
-133
-8509
5746
-2001
2089
-913
-1136
-5202
7689
7078
-9255
6342
-7724
955
1332
-8115
-7732
-7607
3545
8060
-9838
1023
-5885
8232
1470
-9216
-7678
-2437
-5652
7780
4922
9445
1575
3307
-6662
-5846
-6481
-9749
3247
-3623
1977
551
1654
4746
7117
9610
5925
5493
-7799
9411
3976
-2109
5253
-1622
9227
5577
-116
8701
-8208
-6494
-9768
3499
1913
8373
-1065
-7861
-6310
-2829
4344
-2691
7785
1829
1512
2766
7024
-8842
-1296
-4812
7811
-6004
4146
3792
-3017
-1190
-6740
307
-4250
-7399
8173
-3461
-733
8597
-5914
6747
-3200
8931
9408
6013
3550
3875
-8568
-7944
-5903
-1394
-5723
3309
-7887
-836
-5941
8108
5255
-3653
-2722
1965
2109
9789
-2447
-659
-3532
-3637
2706
971
-2474
-8170
2070
-7120
-385
-154
-672
-1658
9488
-7195
-3057
-1899
8845
9802
-727
-1191
-6664
-923
-8817
2843
9789
867
-2158
732
7644
9031
-3197
6872
-5376
5990
-6897
-138
-3883
-8738
6630
4928
1729
4825
6026
456
1751
4371
-6296
8251
6395
-89
-9179
-3499
-652
3005
-1297
3872
6181
-3723
9404
8725
-378
-3521
-2148
-4936
1240
7610
-1903
6552
-5989
4188
5033
4043
-7010
1239
-360
-9186
7938
-8608
3643
-9814
2388
-6018
-2677
-356
-8821
1473
9796
-933
-2763
-7128
2023
-5422
6253
6451
-2078
1524
-2391
-6804
8178
-905
7657
-2887
-5373
-7782
-5116
-2657
-7398
-5572
-7982
9380
-7657
-6307
7243
7711
8405
1326
-5
1087
-8966
9299
-8489
8855
3748
1544
-1968
4212
8114
7887
-5384
-4266
-7994
643
-2317
3047
-865
-9675
7450
-6996
1591
-4801
2460
-7398
-1367
6854
-6936
-4901
-6517
2836
1681
-9560
-6899
5140
9644
-451
9391
-2339
9771
9734
7665
-552
9144
-2776
-7694
-412
-2954
3807
5038
3465
-4123
3145
7622
-2532
-8815
-3700
141
6773
3861
-4913
-7457
3891
2878
1631
5325
-7054
7461
1645
1419
2290
5887
-3492
-7351
-7292
3234
-6241
8553
-4007
7481
-4301
3013
-8234
-7566
-9083
4074
-3134
1905
-9651
4723
6097
-7111
-5501
-8017
-9062
2390
-3270
-3473
-2379
-2138
891
-8363
9957
-5972
-1930
3156
-4825
2852
-1947
635
3374
-1265
1153
8867
-3101
-4621
1877
330
-2282
4865
4722
-6430
-8520
6241
500
8799
-8137
6576
-7498
-3180
7749
1906
8579
-6821
-1492
-787
8692
-8061
8838
9152
4434
-8185
-9894
-5668
7164
-7781
-7255
-9400
-377
-8892
1740
3016
-2790
7266
-7622
7238
7287
-4267
7728
-8712
-2074
6502
4135
2521
3120
-1724
-8103
6947
-9151
5791
8603
-5698
6849
5225
-6119
-4486
8757
-6381
9254
4454
-2420
8132
1348
-9078
7383
-1041
-5194
1870
4213
7225
-6190
987
-254
-8116
-1371
5802
-7357
-8846
-5813
8571
-9759
3838
-4188
-4874
2909
4529
-3708
-5542
3661
-7839
9793
-2210
337
-7374
6742
1834
-4368
-7153
-838
-3778
9093
9564
-4527
1594
-9027
4059
-9863
-4366
-184
-2317
9807
1851
-6049
1829
-4297
8750
-3599
-5463
4177
-7704
-6282
-855
-1556
5177
2001
-6090
2044
-799
1743
-9564
-6906
-8246
429
-4519
2699
-7265
-6652
2724
4567
2733
8901
-6239
80
1993
5477
-3801
-2433
-6922
5596
-3144
-8567
1991
-3168
-1221
7558
4669
5600
8698
50
8825
4672
-6943
6772
-1694
8901
-5640
8681
-6808
-7172
-5742
-585
4379
-6491
7393
-6804
-472
8902
-5227
5299
7425
8321
-9236
-9636
-3956
6763
1425
2773
-6974
763
-983
6821
-6879
424
-2435
-4362
-8166
-7010
-4502
5351
531
596
7104
7659
-2653
9966
-5067
-6858
-2308
3541
4429
296
-5429
4687
-229
-6100
-7586
-774
-806
-6457
-5951
7871
3610
2583
9631
7306
-6856
-4071
-2476
-8209
-1422
-1215
-7896
9196
-4341
-9287
-2476
3636
1749
-1211
-789
-6538
6211
947
6404
-6544
1299
5599
4540
-7008
1034
6085
8037
-8289
-5623
611
389
-3834
5861
-1565
-3913
4005
-1231
-4617
-5574
7649
2686
-3787
-2564
-1836
6905
-4955
3438
7417
-5355
467
-4375
3160
-6924
2290
3089
1300
1870
6109
3357
1811
8591
3758
-501
4733
9601
-5121
-1302
-8701
3071
9015
4610
-5
1194
-9101
3975
672
6952
6328
4955
6766
788
-693
4998
-5240
-8306
6533
8539
-9184
5671
3498
-7593
2975
1291
-6810
6725
3110
9349
8411
-3844
5074
-8508
-8713
-8201
-8051
5993
-7092
7852
-9908
8434
6089
2401
6223
-9278
-5643
-7841
-9848
9492
5550
-3777
-367
-4941
-4674
-4340
3854
4125
-3605
-7466
-9538
9614
6113
-2629
6191
5060
3681
-4703
3735
2839
-3624
-1651
-8189
-4948
-9468
-8623
-9711
-8254
-5404
-2297
3752
-5524
-9105
4510
-3065
-4708
4902
-2712
6500
-2891
200
-7773
-3852
8607
-1956
-532
63
-459
842
8873
-2999
-9109
-9083
7248
-5112
-7596
3091
-8373
7297
2845
3721
2545
767
8275
6131
-9304
-7100
-178
-3050
7434
-1288
-8582
5412
-3324
-1119
-3921
1546
-5478
5575
-3160
-7018
6690
2710
-8819
2150
851
5993
6163
7594
7297
6494
9676
3776
-6205
-1918
3389
-4603
-7750
2759
-2379
5830
-9610
2799
6891
8873
-3544
-1186
1504
-457
5562
7389
-7164
-5402
-4769
7454
-6381
1474
2500
-6337
5339
-3299
6488
7671
3844
4103
8094
4732
-6995
484
2475
-4619
-8056
-71
487
445
1746
-8085
1060
5517
-9153
-3175
-6893
2192
-606
-8790
-5175
-9533
-4790
3964
2508
754
-2372
-8153
-929
-5420
9961
5639
-5676
2909
-7324
2375
1495
-3492
-3137
810
-8250
-3140
-2273
6430
1654
6396
5467
-6569
-9093
-1108
6750
6083
7286
-2696
-1455
3720
-1990
4243
-4196
1596
5280
9229
-8662
2864
-5380
1653
-3373
-3541
-8679
8555
3211
-4052
-5306
9201
-158
-7958
4074
-7383
6266
1765
5851
-3767
7460
-6121
-9424
-2261
-2609
-5868
-1327
2134
6630
4023
1337
-2230
7941
4779
-489
2743
-5356
5523
5540
2050
2231
-4898
8033
8435
-719
7908
-7254
3925
-3944
6546
-7953
-2549
9225
9524
6541
-9702
-3040
9432
-7831
-2140
-5916
-5955
-8504
9133
3977
6559
-9735
5428
7677
3599
-7613
-1282
9276
-8113
7095
-7505
9837
7846
2745
1816
6470
-7868
-9288
5057
3675
-2169
192
-5216
4228
3904
-1185
862
7380
3569
7032
-6732
5250
-8616
-2237
967
2492
3008
-2023
4622
-1456
-7396
4458
-6541
6131
2440
1437
3438
-5118
271
3630
-1606
8256
-926
-1643
9143
-8634
-5355
-5549
3580
-1148
2604
-1119
-6154
-1598
6756
-9408
-8831
219
-2013
-4209
5109
8107
841
-6966
418
-1887
-7909
33
-1845
9958
1643
-2143
-4644
-4625
-9966
-9069
-3758
2203
-286
654
-8762
7875
-6772
-7236
-7375
-5235
127
-4196
-935
-3232
-4864
-2286
9896
-938
-5436
3787
-4462
-8524
-8890
-8054
-8000
-9346
552
-2419
2914
-1036
-1854
6849
7914
5387
-1263
2720
6307
437
8272
-2656
-5695
3109
6755
6121
-6990
1521
-3655
-5006
-8472
2090
-3135
-9173
-3347
8282
-3133
3478
5166
-9999
4223
6585
3513
4715
7676
5006
9741
-703
474
1085
-5545
-2408
-5501
-9022
9579
-7414
-7959
-6476
-3255
-5233
7181
326
6091
-4218
2585
7101
9954
-9602
-8346
-8723
-9324
-876
5881
4799
-7655
-9878
-2413
-554
-5656
3605
-9239
5680
3307
-1991
-5686
2500
1222
6780
-5566
-6542
8047
1434
-5983
9566
7678
-6258
5932
-1343
-4837
-3254
2449
7682
3350
-9383
-1153
-1679
5786
1187
-6230
9404
-8279
6678
6132
-9359
3897
8999
880
-6552
-7847
-992
8278
6036
-9236
1852
9139
-7223
-1763
6983
-9943
1747
9014
4863
-4693
5473
-5683
-3693
4599
5100
-92
3514
1104
-6613
-8251
4078
5317
-6254
-6152
2777
668
-4833
-1889
3209
-9859
-3498
2423
-729
6229
1214
-9187
5406
2596
-9178
-7209
-4650
780
-6378
-3642
-6751
7482
369
7100
642
5398
-939
3351
-4047
6422
9392
5918
7206
-7402
-2078
450
-80
8010
-5501
-3024
9832
5749
6277
8586
422
-2663
2358
-472
9998
-6497
-9769
-1037
587
-8200
-9561
-8139
2859
-7341
-125
7416
-2122
7865
3272
-283
7135
5735
-6559
-9858
3414
7890
5574
9703
1900
5023
-8925
-5294
-7317
-1514
1454
-1516
5914
5901
-5940
7409
-3281
8894
-3232
-9154
4003
-3423
5182
2657
-6793
-1171
8918
8933
568
-9976
-1319
-2831
8799
-9012
-6101
31
7365
5792
-6075
-9998
-2751
-3851
4124
7329
-7611
1389
1903
-815
-2350
-8099
-4330
3018
4030
-2948
-7930
6785
5251
7992
8534
1053
4827
-5706
3978
-3273
-7934
-7829
-9078
9966
4441
7542
8557
-5201
-8830
8254
5321
6098
8175
7624
4601
3510
8509
392
9106
7629
-9104
-3704
6486
-5873
-992
-3423
4578
-1505
-1961
-615
-4319
-8015
-6781
6203
9723
-2195
1341
-4460
-5515
2909
9407
-4201
6651
-4325
-1452
-4207
355
7863
411
7887
4636
-7288
5210
-100
-7990
-5990
-3985
4486
-3712
-3000
-2292
562
7509
-8693
4516
-7333
6370
9743
3388
-7017
5203
6640
8090
5620
7379
-8389
1291
8888
-8830
-778
2418
-1922
7070
894
-4828
3903
3532
-228
6676
4530
-2098
-2266
-4158
5111
7684
4194
-4810
3878
9487
5964
-3840
-2487
8925
8848
-4003
-9328
4997
6143
1700
691
-3448
1028
4998
5848
-453
217
-8755
-315
318
-5616
1859
-4118
8272
-7846
2911
-5981
-6243
9158
2512
-5576
-3115
-4952
-8079
4449
9388
8329
-1362
5111
3686
-4447
6894
345
-5342
8241
-1287
5567
-3572
-8029
7909
3362
-8781
7009
5698
-6289
-7389
140
7066
4540
2065
5097
-2677
-1345
8308
1084
-4001
-9716
-9049
2257
-145
-9539
-1118
-2475
-6635
-6781
8483
1591
1048
8283
-1447
-7574
-1042
-6323
2007
-3108
-9793
-7364
7101
1329
-2135
3397
-53
7958
1649
-2858
7840
9126
-832
8174
3110
7991
8699
-2261
4884
9175
5798
4723
-3329
8778
-4547
-9389
-21
-1720
-8067
5414
-3387
-6474
2966
-4288
-2550
-2655
7970
-5552
-6236
-8417
1532
-3665
4737
-2289
7972
7891
7496
8811
4389
-8328
-29
6829
-1473
7113
1710
3834
9823
-7064
-2915
4973
5252
-7777
-8307
4720
880
7344
-8993
886
-453
-5184
-469
6081
7814
-7185
-82
-2243
9159
9821
-6231
7959
10000
-1630
-8566
-5884
1302
-2958
3051
5422
3209
-2169
-2630
6241
-9276
6142
2084
-9209
91
6427
9054
98
176
-6439
-2596
2825
1861
2058
1895
3218
-4476
7344
-7848
-9842
-6652
9906
4902
104
-347
-9520
-4878
-4317
2644
460
-715
8781
-6503
4688
-6975
2013
1405
6087
-8890
-4793
-2685
826
-838
5353
-1439
1444
-5572
4621
-3098
-5507
-5150
2819
-6730
5933
189
-5761
5466
-195
-3046
-92
-4078
6557
-4011
-6397
-3844
-1328
-9829
1128
2014
-1809
9810
2512
4083
-4462
2646
-1296
-5868
-9604
-1718
-8561
3663
8786
471
8633
-3423
-1240
8600
2487
-6063
-930
6878
-8478
8741
-4402
5875
-6196
9405
926
1052
2065
-2404
149
-5615
-4111
9085
950
-7292
4838
-1781
5977
4947
-928
755
-3478
4344
5578
-6173
2412
3744
-5432
7077
5178
4543
9082
-6171
6271
9437
-4296
5149
8869
-2126
7009
7623
9208
-2413
-1442
9058
-2627
-1392
6977
6729
104
3371
-2635
5601
-1635
9528
-5968
1050
9742
3810
76
-8554
-7653
4958
-9963
969
2916
3185
6733
-9733
8162
-7854
4796
7917
9621
-5487
-3555
566
-9380
3612
-2083
-495
5432
4385
7011
-1488
-6592
-4063
5104
-1739
-4524
-8936
-1152
-8635
-4672
-9037
-3019
-720
-1764
2648
7078
8364
2195
6796
-6248
7851
-1690
-3266
1792
-3957
-2220
2430
-2983
-5437
-9677
9930
3929
-2962
4497
-1789
9577
-1738
9082
-7546
1760
9783
-7323
2784
3463
4868
-901
1072
7952
-2464
-4827
-9629
3657
3863
1377
-2647
-396
7105
-2708
-878
3228
5072
-9498
7406
6048
-4411
9678
5347
1341
-8453
4919
-3204
-3508
7707
8272
7581
2827
-3341
-5097
2515
8864
-3691
-3382
-9449
2905
6838
857
-9926
-2552
4964
5445
3854
5650
-9748
2623
-6924
-219
-3226
-1808
-3860
4897
3024
-5389
5926
-6333
83
4202
-6845
612
2355
6020
7844
2893
-9950
533
-4224
7745
6209
-8983
-8419
-4765
7243
-4777
9285
-6680
-362
7634
-5426
4296
3923
4918
-731
1257
-2231
-7597
5818
8308
2224
-3407
5354
-7134
-1579
5244
-2135
8210
-1817
8210
4839
-703
-573
1687
-5204
-5905
-4383
-1852
-6721
1420
-3193
3570
4501
-9223
-4229
-1490
8775
-6204
8353
5074
8887
-2534
3397
-7591
9905
2260
8976
-5110
-5320
-1637
9604
-6052
1656
7384
-6220
-3910
8202
-5133
6662
209
1533
8457
7047
-5540
757
786
-8397
9127
1449
-6886
-661
-9665
-7362
4659
-455
5067
648
433
-7860
5303
6170
73
-5219
-2112
-3250
-1550
3655
6220
-5676
7198
-7858
-8505
428
-1856
5347
-132
3104
-5630
6585
-4959
8402
7447
-6770
-4298
-9898
3377
-3706
5762
2334
4173
575
7947
2273
-923
2689
-8240
-7127
-824
2703
1312
4077
1683
3663
901
-7038
-2308
2127
-3356
7794
5585
3828
-1844
2498
-3626
-8605
-3194
-6744
-8028
-2461
4229
8265
-1701
-3179
-6976
-3263
-2384
-3189
9805
1781
2895
6919
1459
-8624
6304
-1769
2780
4951
-8510
-646
-4039
-9282
6887
-6694
6808
1397
5613
8435
-2704
6623
-9384
-9330
4936
-8522
-5883
-5661
6415
7986
-7162
3289
-9538
-9040
-4396
5107
-768
7961
3349
-5178
9422
5613
6130
2522
6274
-5738
-3324
1863
-4459
3440
3874
7220
8048
1228
-7767
-7072
2266
8851
3426
-4951
-1302
3076
9147
-2517
-9076
-7980
4561
9985
1721
2462
2434
-9425
5364
-9483
2690
8897
-816
-7326
204
9511
5832
3639
-9185
-2481
7766
-1995
6427
-4913
6148
-4931
6754
-6795
815
-539
9135
698
2257
-6803
8603
-1467
-1119
-1126
1583
8677
-6899
-7175
-9423
7299
9720
-9684
-9934
2094
-2808
7666
349
-6424
-9896
2871
-5007
9964
-3353
-1559
4887
6806
-4224
8315
-4135
702
2952
1190
6003
-7006
3808
-1775
1987
-7799
-8739
-7567
7465
-7355
-6259
1727
481
1840
7235
-7396
-3255
4893
-8771
-2319
946
-4024
-2781
-2142
-3154
3365
-5161
8289
-2810
1403
1882
1897
-373
5219
-1438
-6915
-6184
-3351
-8550
2021
9884
2476
3259
-6240
5667
1632
-606
2469
1992
5143
6059
1386
-1592
-1264
8572
-8614
5433
-2546
4229
-7373
-8688
1448
3218
-7316
3602
-556
-8494
8208
5759
-1216
92
1039
-7596
9761
-4807
-9930
-3035
-4749
4397
3706
8295
-8179
-795
3475
-6463
1397
3301
4059
3074
-341
2897
-3401
1909
6335
-343
1689
8868
-4249
-4974
6890
-8242
-8774
8523
3249
1617
5426
-6698
-4928
5572
-285
-4199
-6809
6135
1778
7362
-9432
-9808
7519
-3299
1625
-9858
-3047
5636
-5526
5559
5310
-7694
9793
-1048
-9501
7730
-6177
-170
8053
4523
-5806
745
-8579
-1469
-9628
2761
7023
-3244
732
1122
9320
8489
-6726
4977
1937
8066
7585
544
6316
-7077
58
2264
-3281
3943
-8985
8427
2744
9366
3146
-3578
7239
2901
-1910
5058
-7030
-1191
4656
56
3073
5493
-298
1508
6450
-2585
5749
-8630
3126
4115
-3664
-7229
5318
-7587
-3775
-1725
-4265
-7983
-4538
7569
5963
-8110
-6681
-355
1971
5969
-9889
-8492
8804
6349
-9688
-6410
-5413
7193
-8073
6242
7019
-9930
2515
-4471
6732
-4992
102
-4079
-221
-1713
-9316
2630
-1492
-6167
-1708
3171
2766
-1227
9617
6557
-6866
6499
211
-2960
-7230
973
-8576
-2304
-3476
-7448
8811
-1761
-4241
-1818
2579
-8462
6641
2201
3896
4444
-9108
134
-7727
5029
5055
-1397
-9123
-1248
84
8620
-1445
955
-4437
4141
-8067
7427
5778
-6235
5695
8663
9843
4697
-3069
6297
-5612
-2364
6613
7536
-9269
-6409
5093
6998
1026
958
2728
-7625
-5937
-4135
7836
7863
-3605
-6737
-686
-4344
-7035
828
-3017
-7860
5438
8546
-7056
877
3636
9927
-2927
-4872
9309
-7444
8541
-7475
281
3657
-45
-9858
1505
6958
-1404
-2021
4167
3486
5587
429
-569
4616
-7034
-6702
-6293
5523
-3414
1977
-3677
-1355
-5024
5416
-1757
-8156
-5770
5373
7345
4633
-7023
-2005
-2055
-609
7408
8071
-5895
83
-9056
-4520
9938
2701
6929
7249
-8322
6078
-1476
2682
-7757
3364
-993
6991
2179
-4229
-8669
-1667
6637
6146
4671
85
-8392
9380
3637
1684
6694
2145
-9629
3209
-1466
-9626
3243
-2005
-1500
2671
-6223
-8939
7480
7475
-7089
4893
5248
2661
7530
458
-3871
-6764
-214
-1028
5489
4419
-4105
7864
1702
9473
1314
-4903
-8087
-6812
6005
1431
-470
-5678
-1149
3720
3939
-5086
6759
-5198
1013
-9555
-5813
-1685
9661
-9197
6289
-4339
2035
7657
-8469
-565
-6998
-4864
3085
4978
-6859
-5606
-6155
-5964
8144
-5430
-7393
-5583
-3724
318
9065
-7664
5008
-2803
3233
1725
-630
6233
-2863
-9673
-9713
-2822
9473
-5200
373
-174
7659
-9671
-5235
-6894
7105
-3998
-1905
9865
-2946
-5777
2914
6148
2220
-2424
8011
9363
-4706
7859
-2743
-8192
-6382
8347
-7939
-9505
-7262
6774
6904
6789
966
-675
-3943
4581
2248
-6046
-2354
-8029
-7955
698
5415
-3461
-4295
-5428
-5679
-2165
-4966
6537
-4029
7723
-8360
-4952
6747
6450
6612
6550
-1725
-3808
-350
-3917
-5176
-58
-3474
-562
-5361
5287
18
3750
-2905
363
9243
79
-6112
-2084
7613
-5181
-4194
1712
9579
-1600
-9030
4699
-1011
5308
1063
9158
-299
-8710
1860
5391
-9499
4976
-6778
-2145
9796
4713
5060
-3593
4631
7679
-5517
8038
-1829
-9328
2465
3978
3418
3774
972
-8224
7469
2182
-8028
9197
-1088
5085
-4902
709
-5897
-1474
-6153
5193
3756
151
-3355
-7731
-3812
-447
9963
-321
-7667
9943
-7112
3307
3919
4382
6868
733
8309
-8620
-3498
-9312
1178
7993
-3364
-3576
1581
-9230
6445
-7100
-6046
5794
3484
5016
9876
-15
-2595
7014
-6889
9439
1421
2708
-4999
7343
-8523
4305
3462
3350
-9969
-9636
-9474
603
3702
-2205
3984
7822
1729
4320
4232
-7719
8067
7735
9391
8234
-6440
-3708
-7315
9134
-4991
300
-1481
-5619
-7678
-6712
9289
-918
2938
455
-6595
2879
-2765
-3761
-1449
3770
2928
-6549
3664
-7314
4929
-1956
-6850
186
2008
1925
3959
-2165
-4393
2072
7670
-5655
2259
9189
-1682
-5405
276
-8738
-2904
-2463
-6232
-4440
-2024
-4833
-7973
5012
1640
2473
-5979
-401
2512
9074
1480
-3277
4090
4064
-2219
-4906
-5015
-4414
8215
-624
-5373
2266
-5041
6296
-3524
-2658
-7317
6582
9016
987
-6335
-9788
8645
3263
-1489
821
8258
2037
-2711
-4929
-6646
3573
-7402
4285
-8335
-3880
-3417
-8916
-4016
-6409
5805
-177
1614
-3289
-5595
3485
9567
4784
2439
3293
9172
9854
-4583
8921
1885
-9717
-3328
1535
2833
-6794
-713
67
782
-4798
-2022
-3592
3539
-9950
-9931
367
639
-7436
6415
-7108
9765
5272
-195
-1030
-460
5598
-682
-1501
-7328
5061
-6806
4977
3143
-1019
-6463
-2828
66
-2699
-8385
-5512
7616
7012
5678
-9643
6155
-6917
-5167
6275
995
-4343
4554
-6947
-5388
4520
6378
-2399
9896
-8194
-2078
6057
-3275
-7303
-5046
-6706
-5301
3598
-7956
5463
-2998
-7633
8637
5941
5604
9719
5902
-3011
1777
-8584
-6218
9972
1418
-150
-960
9253
7805
-4015
1564
-3162
-69
-8160
-7903
-4749
-8829
-7190
9728
6361
-4887
6013
-2584
-5527
-7829
9362
300
7912
-1636
-7368
-6957
-9843
1018
-7902
-2130
5767
3969
79
-2792
1696
5359
4262
7354
730
-2661
9003
5493
-3804
-6396
-2795
2408
4498
-8971
-5397
1341
-5890
-2545
6720
7576
2695
1032
6259
6879
4521
-4086
7534
1895
6729
-801
9414
286
5298
1661
3744
4311
-2244
7513
-2282
-6363
9134
4754
6516
713
1481
-7931
-2568
-6533
9174
9049
1197
1142
6931
-4729
3535
9456
-9946
-7364
-5598
-61
5300
3913
-8379
320
1081
7773
7594
3209
-1288
-3490
5242
5856
-157
-138
9411
7832
3852
-2829
1845
-8484
2107
-3144
8401
-1591
6314
-9550
-4802
5592
-1249
-767
-5231
8029
-17
-2715
9903
2835
-629
-8543
5806
-614
-4733
-9225
3217
-6511
860
-2297
7330
5507
7388
6255
4266
-4467
-1833
2119
-3736
-8887
5897
6307
-9658
699
1546
-4746
-7650
2113
3604
-5163
-7281
3484
-263
-4504
-8313
-592
-5273
-318
6970
7540
-6942
1732
-9100
3523
-5696
5529
-8280
3615
8898
-6288
7053
2924
-4157
3577
-5017
-359
9106
4789
7347
9613
-7295
5189
-7148
4945
-2847
1931
-1615
372
-4280
4997
5942
-8741
604
-910
-6634
-5670
5684
-8485
4218
4848
7828
-2557
-5834
7679
-7046
-3045
-2721
-3775
4235
-2528
2820
8819
-2316
7365
-7165
-7494
9774
-7653
-3849
6516
-4019
-1772
-3556
159
6000
-5155
9740
-7331
6034
5080
7112
-1314
6040
-8800
1142
351
-49
5026
3182
9664
9463
-7213
683
2599
-60
-8304
-5563
9880
9813
-1328
-2762
-2014
9334
9324
8083
-389
4227
9790
1140
-3650
-5343
-2160
-1974
5919
-2772
-6255
-3184
367
5020
-3048
4671
7519
-6105
-948
-3944
-3081
2362
-8997
849
7256
1161
8088
855
6723
-1308
8222
5440
2136
1040
-4423
1497
-2030
-3672
-9767
-5270
-3099
-4659
4918
-9646
-6800
-9130
-7272
-2955
3307
-9229
-312
-7715
-3434
6019
5511
6142
-1711
-4059
9205
-7236
-4794
3654
-3817
570
6896
2671
8456
-5431
-5237
-432
2185
2494
-612
-5926
9490
2767
-3638
4989
-7796
9489
514
-4258
3780
5151
-959
6961
7694
945
-9992
2959
-9471
5033
8855
6835
2859
-3217
-1332
7236
4880
-5168
-8620
2890
3273
-1925
9605
-7041
1794
-7407
-7127
235
-5749
-467
-6239
-1071
-1752
-2987
-7048
-431
4974
4099
-1355
-2207
-7005
-3723
-2023
-5745
8990
-6326
-979
3416
5972
928
9516
-2234
-3485
-2873
7750
-1704
-2834
-4325
8194
7679
-3873
-8464
7841
570
7831
5431
-2366
3354
6686
4440
-5812
-5714
-3291
7195
-5365
7965
3586
-6734
4054
7307
-215
-7275
-8944
-1851
2979
6297
-6760
7084
-2866
518
-3891
-7692
-3550
9696
3395
1869
2638
3583
6755
3315
4832
9387
-7064
-5584
6322
5950
-6526
-36
2369
397
-5436
8368
5561
-4582
-8678
-126
5137
5913
-4244
4206
4126
2626
9229
-6166
-8711
-4472
-1929
6899
5628
5435
-9609
-6376
-1558
-2780
5111
-6797
-2013
2927
-3338
9261
-9646
9384
-849
9570
407
6881
6185
-9375
-1356
-1101
7445
311
-4663
193
6720
-4184
-9745
9878
4179
8527
4614
209
5192
-5743
-5749
8216
-9487
1564
6376
-7641
-5630
2406
-7689
5543
-2592
-3144
-128
-78
-8502
4017
-878
-7276
-3895
-1078
7615
1965
-9582
2046
6327
-973
-4087
9899
-9849
3606
-5784
-70
5185
4512
6051
8908
-693
-55
3042
-7407
687
-3859
2780
8574
-8805
6983
7357
-6621
-9611
8267
6506
6180
-9476
9187
6140
-9323
-8698
5325
6479
-8172
1690
1387
-9532
5244
8991
960
-3700
-5179
-6139
-1953
5850
3266
1085
-943
-5497
2817
5907
4860
5205
-9146
-4957
-6025
-1654
-3046
4681
172
-9032
-215
-4594
8485
-5406
6231
2220
4579
-2532
1817
4807
-2849
9508
1588
7438
3217
6611
3063
-4642
-8717
-507
-8417
-9011
5485
9680
2214
-2854
5763
5362
-2163
-5589
4323
6738
2298
-3589
138
1459
-7475
9763
-4370
-9733
264
4588
3050
-4759
2297
-1909
-8750
-4807
-9787
2045
6500
2301
4822
-5045
4232
-1053
436
-1764
-1386
-7786
7705
9925
-8689
-7721
3522
3988
1137
-8093
5490
7093
-9761
-1697
2110
4265
-5955
-4797
2923
2200
-8767
-6601
-3229
-8734
-819
-4688
8683
-322
-7717
7
7274
4938
-7332
2965
-2603
2716
3348
4561
1422
-9866
8796
-3812
2676
-9270
8388
-6313
-1552
930
-4421
6558
-5794
5844
-9794
-8239
2506
-9261
-2019
8395
-4815
8537
-4099
2806
-3877
3622
-6847
9310
-5307
-2529
-4306
7292
-7883
-253
-2429
4064
-8635
7660
7384
-4635
505
2545
-9107
3642
-478
-7479
1694
-4475
9966
-3158
-1346
3999
8455
4166
-3950
3812
-1520
8073
1622
-8466
6663
-7991
-8642
-5992
9299
-4971
2200
25
1428
8077
-3417
2442
-3979
-8316
2601
-9035
5476
9755
-5600
5121
-1063
5270
-3407
669
-5146
-7937
-35
-9162
7636
-1799
9019
-8608
-4760
7969
8029
5206
-9582
-1108
-6052
-7810
2963
7614
9107
7008
7745
8333
-5151
1083
4659
-8004
-9509
-9818
-2203
-1584
6480
-7511
5018
9709
4345
-4260
-8619
627
-5644
998
813
8788
4105
500
-6639
-7952
-2756
2968
4014
8994
-7965
176
-3868
-9372
1941
-6009
2601
6453
6765
3583
1967
-6498
-7594
-316
9334
8445
-2578
-3628
4748
-9275
6598
-2502
-8820
-2484
8399
-8480
-2098
-6101
3025
-2534
598
-3154
4411
6891
8041
-4552
-7682
-5493
6790
-1093
-7880
8781
4280
-8294
1415
7582
3972
-1858
4078
-3729
-7363
-8794
8237
-2593
-9181
-453
24
-5335
-9391
3453
-4769
-1173
1704
6719
2646
4878
5768
-3817
9461
9913
1523
-2638
-6303
-6669
3199
-8921
8322
-1270
8845
-9788
-1189
-1014
626
-8404
-8410
6546
9851
-8355
-7443
431
-488
9025
8831
3598
404
-5559
9848
280
-3376
-2770
-7228
5249
-8251
-9652
1960
8195
-3146
-5734
-4011
-2246
6466
2084
-4692
3391
-3656
-2281
4313
-7804
-9411
6759
-7150
-222
6341
6941
458
-9093
-9397
4695
-6937
3700
9941
-1245
2517
-7116
9588
1299
9958
8050
9013
-1
-8832
-9455
-2497
9915
443
640
2207
-4451
5671
6584
-5178
998
8502
-4628
-1296
4606
-3822
-6103
4722
-9772
6664
-4082
685
-6387
-315
8216
2548
9985
1998
-4886
-7932
-3333
7672
-5449
-9597
-6812
-153
659
-5341
-4322
-7334
3165
-2199
4480
-9216
-4193
574
-9619
3194
7623
8942
2749
-7726
1186
-9406
1231
1548
-6398
9725
-8807
3425
8742
-1338
9323
5774
8398
8805
595
-2793
-1589
649
9236
-3001
-218
-454
-678
9365
4738
4017
8391
-8378
2479
4495
-5890
5935
-7856
-419
7025
-6881
-9684
-43
-7748
-5435
-5912
3894
4413
-2809
-9279
6434
-3629
-4598
6408
-7423
5929
-554
1988
-7861
-3925
-9203
7431
-5003
-8357
-2948
-4735
8296
9168
-9405
9441
3225
6607
6622
-4496
7661
-126
-6922
9282
9772
2171
9287
-1199
-7147
-4749
1741
-9075
-2098
-4601
8341
7257
6448
3798
8231
-4360
-7574
-4277
29
2952
5769
293
3880
-5522
7194
-2453
-7579
4627
3113
4369
-1630
-5068
-9653
3698
6327
8691
-7663
6769
5044
3101
8965
7303
-3809
7168
5589
-1266
-2690
-3405
6896
-8160
5594
-240
-3529
-9691
3547
4856
-3700
8615
-411
-3164
-9108
-3537
3035
741
2631
-6983
2814
-7301
6874
7327
-1007
-5268
4224
-1076
-7726
-6232
5442
369
-6728
5433
7905
-7329
5314
-425
-3622
-6654
-3210
6888
7308
7265
7653
8166
4699
7281
-4955
-2146
3420
2394
-7489
2966
1661
-197
-7394
-4940
6175
8165
2897
316
-7508
-2775
-422
-6211
1109
8018
-665
-1601
-8813
-8637
-1961
7367
-4195
5187
3035
-105
3834
2708
6498
-7831
-6909
-3245
-9295
-7703
-7142
1182
3316
-4973
-1404
6039
9802
-4309
-4700
8098
-1602
8838
-9705
1743
2216
-3711
-4077
3314
3028
5416
7870
-2034
-6128
7069
9987
-6155
3811
9438
8908
3767
-9636
2152
-6265
-4999
-9825
569
-9116
1036
-1535
-4339
-6219
-443
-8981
-2875
-2514
-656
2437
-7132
-2710
-3649
4975
-8510
-9480
-1840
492
326
1154
-1246
-4554
-8261
3399
-8526
7530
5270
-970
-7465
5717
5208
7272
-6275
1568
7658
-7384
649
4155
-3370
-9584
8483
4681
-6488
7706
-5617
-6569
5689
-6486
707
6423
-9073
-9227
6009
-3198
-8095
328
6359
-9879
5958
4308
-4994
-7880
7302
2890
-9937
-6209
3445
-9692
2305
-1900
197
-7149
-1090
-2703
-9000
-9505
-2615
-2068
-3734
-7223
-1768
667
5772
6015
-7637
5504
906
5389
7198
6568
-5418
-4582
-3233
5841
-4110
9313
-9933
5699
-5513
5335
3499
-4063
8047
6396
9389
2986
3949
-7104
1626
-9565
8154
-414
-4469
-79
9333
6112
9847
6130
-1782
-9459
-3977
4660
3716
9578
-699
-4278
-4108
2259
-3997
4057
-5382
6851
-188
4501
7342
-3970
-1835
-7064
-9845
7710
2584
6230
-1274
6956
-2356
-3060
-2655
-6504
1186
-688
9610
-4945
9159
3225
-9140
1858
-6886
-7406
-8189
6486
-997
4453
3388
2344
-5268
3912
-9228
-2348
-3019
-7683
7158
6095
-692
-5319
3970
-2513
-4349
-6406
8594
9649
-5014
888
3120
-3923
-1019
5351
-680
8203
1337
-6418
-4203
-4275
-8595
3179
-7240
7034
-2094
-9960
-4067
-8727
-612
8973
4517
3550
2593
-587
-3903
-8163
5675
1651
-6393
1606
6050
-10000
-2388
3094
8418
-281
4273
-9344
476
6987
-5712
1496
6044
7823
6980
8864
-3318
9591
-3598
4124
6944
6518
1358
1664
-594
535
-3156
-1809
-8118
5351
3668
-4712
447
-254
1518
-3401
6586
2586
8184
-2052
6638
4357
8303
9134
9040
299
-4934
1054
-9623
3577
9876
-6531
-1529
-532
4746
2917
-5922
864
1860
2155
-7606
3316
1941
3626
454
-7004
-9274
-217
-9943
148
-8317
9286
-8613
9655
114
1021
1303
1776
-9157
7512
2531
697
-8242
7234
6105
6886
9620
2459
1035
-7029
5835
9727
-597
-3011
-86
-4383
-62
-1904
4580
-2066
-580
-9550
6278
-706
8107
-9507
8918
-3336
3673
8830
-3904
-8096
-6424
4643
-7267
-9477
-1915
-3466
8126
1614
4074
4490
-4607
7078
5607
-9378
6661
138
1330
-8867
6421
7047
6305
687
4174
7676
-6113
-3812
2127
-1014
4441
8591
-9165
1734
7712
-2068
4254
2889
-9649
-8803
3019
9552
6811
9293
6342
-9470
5540
4269
-876
-5278
-2578
-8412
6453
1621
7741
-6987
9419
-9054
9616
1316
5948
8057
-7714
3952
-9827
2460
5212
-6239
-7411
-2227
-8500
5263
5139
-6751
-8582
3381
-585
-2333
2733
128
-1233
5989
-1181
-9846
-7206
-9142
-1656
1831
2189
3958
-6521
4045
3992
787
-8860
-4165
4440
4344
9867
-9980
5925
-4575
5735
2253
-8261
-2452
4593
6007
-7421
-2412
8776
-2737
841
733
-6528
5701
9168
933
-6928
-436
-1206
3232
7813
6291
-4993
-1827
7948
-8402
-8048
400
881
-9496
-1169
-6761
7714
7423
3647
4502
-6967
-4719
-4325
-5169
-163
-3699
3493
-3447
4910
-1125
-6743
638
9718
954
7417
-5360
-1665
-552
-6220
-7960
-3670
-3011
3024
-6439
3590
-233
-7488
9804
-6134
-4691
-2038
-7577
8857
-4500
-7860
4536
4527
-7956
1022
2247
-8615
-2794
-217
-6451
210
7064
9806
6239
4262
-1297
-177
-8177
6150
1280
-4050
6868
9456
-4181
-9943
-1689
7924
-3000
-853
9778
5436
-7376
3053
-5618
178
7818
-1416
4993
-6473
-1540
-4528
-4862
-4135
-9485
6334
7463
5858
-106
7206
-6468
3523
-9307
9139
-3659
9355
-8609
-9371
2984
-2542
4305
-2597
-2155
26
-8885
-6858
5354
-5881
5491
-172
-1374
-6275
-5505
2525
-6044
3044
-814
4542
-5952
8163
3043
-4526
4824
-3598
-1603
9380
-3157
9671
2215
-7781
-904
-3674
3983
9772
5341
5985
-6669
5740
7484
-5184
2624
2609
-7933
-9924
-4819
2050
6552
-7710
686
-4104
-7582
-7803
-1288
-7586
-8204
2019
7850
7843
-6661
3450
-7933
-5632
3017
1111
-2247
-3115
1718
-2465
9581
8880
-74
-6677
8342
1398
7122
3702
-6413
-8620
1146
-9214
6412
-4846
-1086
1063
8502
-485
-8631
-7027
6711
-9079
458
6326
-3466
9753
5579
-5486
8227
4385
-751
-8107
-9873
-262
9460
9792
8146
2800
-8360
-8940
-7913
3732
2233
949
5579
-7679
-2476
8592
-5205
9320
5387
-5172
-6578
2547
-9311
-2671
-5058
-8858
8993
1732
-2048
-5020
-8962
8064
-5247
-7558
6011
-6934
4423
6764
2910
-6701
6905
6386
-5221
8753
-6353
-5700
-3909
-455
-1484
7352
-6266
-5504
956
1005
-9221
9722
-9816
7492
2126
-1835
-6947
-431
-3088
-5777
2364
9887
666
2246
-9792
3291
4036
-1
-1956
8366
-3658
-9133
-1841
-3293
3855
-1464
-8616
3659
3633
-5302
-5797
9752
-4018
-7256
8156
1476
-5620
-3456
-1006
1494
1275
-9398
5073
617
5841
5295
7367
2429
9313
9673
4544
-1699
9905
1858
3202
-2392
3343
-5364
-7535
4973
-9536
-2613
4953
-6633
4354
-2485
-3865
4841
6622
-5551
7649
9700
-3039
2219
-9743
9951
-9191
-9434
2465
-2930
8580
8869
-3059
5488
831
8790
8059
-5758
-1947
322
3497
156
8035
7084
1776
2505
7832
-919
9982
5094
1242
2296
-6789
-9748
5912
8275
-7708
8166
-9400
5583
-882
-1212
1345
5280
354
743
5836
906
-5668
-6420
8463
3588
2757
-2997
2690
2383
-938
-4709
7299
-1573
-7459
1821
3268
4892
448
1230
7277
-2589
5522
-8262
8481
-4839
4447
5962
6624
-3736
1089
-862
8259
9435
6368
9260
-9683
-183
6167
3793
-5588
-7758
-100
5125
-5997
8635
6126
9440
-2201
-465
-4109
-552
-81
-7972
-3081
-8904
2850
-5156
4694
528
-4898
-846
9793
9394
359
-3295
6537
3160
5428
-1837
-577
9202
9891
4149
-7516
-83
2396
6454
3170
-6192
-6154
1380
-1053
3230
-4771
-900
3395
3919
6004
-1481
-5535
126
9297
-5391
4653
-4541
7141
9189
9052
-6023
1741
-6189
3769
-4851
-8449
-6488
9131
5850
-2958
-9524
7172
-4106
-4428
2910
8575
5217
-2584
-8908
1361
-6465
8803
-2915
-8316
5056
-3712
5698
4608
8462
-223
6229
-1994
5356
-5025
-5213
-5044
3868
8396
1036
-8694
-6564
-5176
-2590
278
-7131
-8305
-4789
-8317
-555
-6824
4727
7647
-3525
-9641
-918
6080
6599
7982
3700
199
8143
6871
-9242
863
-5477
8332
2593
8144
811
5706
-5012
-7020
3274
3812
-8153
-7044
-9300
-5438
-9338
9314
-1160
-4310
3840
4142
3318
8192
-6188
8064
-3785
3266
-7656
4972
225
-5754
9441
-117
6688
2038
-9079
-1397
5831
-9291
5472
9413
4210
-2539
9969
7925
5721
-3839
-9165
-7866
3617
7999
-8817
6341
2335
767
4505
5207
-8253
-2640
8515
2258
-8117
2814
-802
6531
-6022
-3289
8690
-1598
3236
9183
5522
-8947
-1501
401
-453
672
-6091
5473
9453
4625
1332
6759
-304
-9502
3507
-8490
6407
-4271
1555
-107
9118
-9191
6879
-7897
405
1492
3769
8919
8331
-2448
2475
-2272
-3460
-424
4863
6778
-769
833
-6845
2895
9918
-3229
7644
-1596
-9021
-43
-3103
8858
6368
-1026
-2572
3323
-4917
-8732
-3540
-8728
-4083
-4142
6048
-5139
7487
-5992
3779
-3960
7585
-6259
5540
-8694
4491
-9194
6241
7680
-3700
242
6369
-9497
-5132
230
5911
-8143
3074
-2154
-5190
783
6236
-3582
1517
-9907
-4341
6898
-258
-4967
9532
-1543
4222
4801
9923
-8932
5193
-7633
8846
-7697
1401
1090
6937
3478
1103
3517
3099
-1682
-4453
-7845
-5433
